Generation:  0
0
1
0
0
[-0.18099920567454553, -1.200350973406593, -0.6637344413552115, -1.274527547050433, 0.9823546986610006, -1.105195171128818, -1.6619544127910597, 1.0966208746066, -1.5804382336228304, 4, 33]
0
1
0
0
[-1.4019319605986849, -1.250127901900284, -1.5695176601846461, -1.0045613224309198, 1.4865453352171198, -1.7668569520548632, -0.8253054007267497, 0.4594131469305267, -0.9051149013193438, 4, 40]
0
0
0
0
[-0.1744864786512259, -0.5155621903686454, -1.8508033277525253, -0.279770299129132, 1.1026502127944933, 1.3961486453778331, -0.654352503804777, 0.09061536776121781, -0.7928800979704365, 0, 20]
0
28
4
1
[-1.4707066196770768, -0.5251464887698432, -0.4674165489251121, -0.9536954971553515, -0.5139757444013551, -0.1611859355162535, -0.34893470952510985, 0.44351640737740716, 1.0667895403287742, 151, 200]
1
4
1
0
[-0.5877136781876111, -0.6001371173145984, -1.9144131771646724, -0.1518280738502209, 0.20417869003346967, 0.8335601307518936, -1.5458191803107189, 1.6482849786886216, -1.6823111051876745, 23, 47]
1
4
0
0
[-0.37650376436678457, -0.16108219546414437, -1.1292603022428116, -0.48828540066856285, 0.2553159688619493, 0.02965351594287924, -0.47646444180166214, 0.20571083363224796, 0.7533543571780603, 16, 54]
1
5
0
0
[-0.5912464206221766, -0.9757888584007577, -0.7289823285086343, -1.0931685762802252, 1.3096552596290754, -0.3949899641354824, -1.4147618462167155, 1.607975710497805, 0.4992117127564475, 20, 60]
0
0
0
0
[-0.8191438955102539, -0.8335413984953597, -0.40549015801956156, -0.5600179411258641, 1.6627845566494632, 0.578855749856761, -0.4017456553220675, 0.20475064494476825, 1.3327368866429024, 0, 25]
2
24
1
0
[-1.2981070850531862, -0.374653539759203, -1.5307870100687107, -0.9497972266397952, 0.189671837489513, -1.7104345428722358, -1.35005802506487, 0.6587305066121887, 0.7286765938718496, 103, 183]
1
4
0
0
[-1.7587562551893057, -1.6458159821902811, -0.1682785368892652, -1.6765008862570034, 0.35091058756385074, 1.6671311470410028, -1.783890994228951, 0.8282557496992631, 1.536749038392493, 16, 84]
0
2
0
0
[-1.9483969621141606, -1.7564494290757526, -0.34746532628568416, -0.6536361865281686, 0.9082108965906528, 0.6362998173650647, -1.2582574232922135, 1.4456722709871002, -0.13184900159467983, 8, 42]
1
0
0
0
[-0.13687333300371618, -0.5993058302375176, -1.8642253207638084, -0.07440348118736306, 0.8414420595402881, -0.5093193695927649, -0.006143831706578062, 1.4368674447966847, -0.2800860144141022, 0, 23]
2
15
1
1
[-1.7700740376412782, -0.7639701952503026, -0.20012968244255602, -1.8263230905116126, 1.442606185651138, -1.2174883035938002, -1.3869464507621474, 0.5427752878728231, 0.19199371694526635, 78, 158]
0
3
0
0
[-1.4134324447470445, -1.315903090723604, -1.0750062709127175, -0.9276790196713707, 0.08481712000791708, 1.117534248372908, -1.9555998272520994, 0.3234857257162391, -0.5565959564271181, 12, 58]
2
5
0
0
[-0.7262760347812292, -0.21486079640428057, -1.5817836930026543, -0.9398175694085076, 0.7246982730096891, 0.728315660501381, -0.11904640109656417, 1.6671782317978214, 0.7240318690362479, 20, 69]
1
17
3
0
[-1.4544625047787876, -0.7063398039941275, -0.17603277862947708, -0.15177715153207205, -1.5350325080910574, 0.4656555248581413, -0.7257555544642591, 1.1215058669378994, -1.2493462738704642, 89, 196]
0
1
0
0
[-0.06205403490220962, -0.19051357955416748, -0.877181124278817, -1.3063793944995101, 1.5484570739246863, -1.4723386093905981, -0.2750896232997213, 0.13579818197741123, 1.090484608980022, 4, 32]
2
5
3
0
[-1.1777853094963004, -0.8543254772336839, -1.7297701180574934, -0.7228430467512004, -0.5225118824204653, 1.092600608720303, -1.092815577680923, 0.05363677176132309, -1.1092367896180466, 41, 74]
1
10
0
0
[-0.8540831761027041, -0.6215074275077301, -1.7006671492844663, -1.3351169721605538, -0.7386678286951343, -0.09161827962243319, -1.2662217285411113, 1.1340440765584348, -1.8235060431488908, 40, 93]
1
30
9
3
[-0.12668945167422074, -0.3889711081979137, -0.9966591980193507, -1.5579714456220566, 0.2784920145090264, 1.4884354867659475, -1.268087659063218, 1.3605467439099392, -1.9569816703754834, 216, 200]
2
9
0
0
[-1.4196470736817843, -1.77101902775726, -0.7970018460332127, -1.8582758674285749, 0.8456699953503066, -1.4130460466554529, -1.5017557220278501, 1.9641262773842012, 0.20812789489965766, 36, 99]
0
31
4
1
[-0.19940185170057712, -0.41880044472514255, -0.7220292124116741, -1.9042148806438697, -0.28555793366936033, 0.18369177383423718, -1.3988146355404583, 0.6734370737899102, -0.3071031087119076, 163, 200]
1
1
0
0
[-1.543155789792731, -1.3800653387972752, -0.3594551581746859, -1.0836029585651326, 1.2936652919772933, -0.40514823824038393, -1.3114356419031505, 0.4190577034267291, -0.5884516092120515, 4, 35]
1
6
0
0
[-0.950592433387563, -0.16749664546941245, -1.0023803981842656, -0.6620172213904068, 1.701986406048749, 0.01583268137936278, -1.5280089135022699, 0.6296850618776599, 0.9277563074341839, 24, 54]
0
0
0
0
[-0.687548047714428, -1.5078554042752528, -1.2876756662720257, -0.5993237366437805, -1.7077653575809868, -1.1895478114414293, -1.1191184912545118, 1.586287668213402, -0.7795889577550734, 0, 44]
2
3
1
0
[-0.06567111763033617, -0.44542950635255996, -0.2232539984721975, -1.6218379946849595, 0.12684078743823068, 1.2643973392256989, -1.897500515853792, 0.650590374323802, 1.630046589994349, 19, 50]
0
0
0
0
[-0.3250092682932908, -0.9506324275076921, -1.386017504454877, -0.028566525539398535, 0.756491217727302, 1.783456402951769, -1.9553684959888136, 0.002572279967233637, -0.7504090581717047, 0, 20]
2
3
1
0
[-0.2613160664720451, -1.7062050964051936, -0.3506820951131904, -0.8227670744891886, -1.7363025884490053, 1.974381564382334, -1.7840570226718915, 1.3920144186853491, 0.2831713335062087, 19, 60]
1
2
0
0
[-1.1737573974605546, -1.6496078400118481, -1.8314942921259678, -0.05420808546289724, 0.16972632715223357, -0.6176449715497876, -1.7022672193071022, 0.0394175984710583, 0.3928359405139168, 8, 39]
0
28
2
0
[-1.9597886741595092, -1.3945153035523223, -0.19706789540035197, -1.4121064439189317, -0.0459137098991631, 0.5514286965077178, -0.656773317492938, 1.0069571411609912, -0.6092697961557039, 126, 200]
1
26
1
3
[-0.4371685671619825, -0.19311108214186246, -0.11662517270376305, -0.08841748691819373, -1.9675508166823787, 0.667961383518993, -0.6044600874537474, 0.5587961377451296, -1.8805576782512055, 144, 199]
2
0
0
0
[-0.6098790634847431, -1.412047117793921, -1.7661925727092824, -0.6615333491903963, 1.785346833728739, 1.909767708684345, -1.6264413309572372, 0.6435577218648336, 1.242556655237256, 0, 27]
2
4
0
0
[-1.491586164770822, -1.0193081279319431, -0.48487741936188367, -0.33072289804668764, -0.7809865492113297, 0.2248835563099929, -1.317648929991761, 0.28314323841032385, 0.5903021497513126, 16, 61]
1
0
0
0
[-0.02370953267307585, -1.9001092769422219, -1.1388284623437803, -0.5537426962609, -0.19379472997240477, -0.031346242157636706, -0.2111077972267028, 0.9045726451072524, -1.4876816088015667, 0, 26]
1
20
3
1
[-1.314934543760742, -0.6862783080836756, -1.4404532320935377, -1.4013723282501487, -0.417725063504379, 1.4821361966563629, -1.4022359514395129, 0.7078267984512789, 1.724053294368761, 112, 200]
1
5
0
0
[-1.5750497502175058, -1.8419990302808424, -0.18143187109416536, -1.9120173320993434, -0.8765968563163717, -0.43890133769407624, -0.20237657998664327, 1.8536213325980468, -1.2450489144767936, 20, 56]
3
21
3
0
[-1.9047479841604662, -0.45677576344501136, -1.7607481503945814, -0.7715324861240478, 0.2981739177859386, -1.101663675573576, -1.1730693134768302, 1.3633713484277803, -0.6984980407291803, 105, 200]
0
25
4
1
[-1.0123239062873914, -0.07869135452715592, -1.0059990313110427, -1.2909606975268264, -0.3399747747333164, 1.72273034672018, -0.6380138916795464, 1.602945631732702, 0.25469247537261497, 139, 200]
1
2
0
0
[-0.6499320188319535, -1.6572579467236348, -1.5518420775499753, -0.6570060176960555, -0.22121344266740905, -0.26842316447906134, -1.9723967557952176, 0.10827948497795137, -0.9134887898869084, 8, 42]
0
21
2
0
[-1.0878043782024727, -0.46917633045925644, -0.8819674450346668, -1.6594727479100468, 0.6883606252885568, 0.43684133570440453, -0.34790518938890047, 1.0047769372172572, 1.7552069002587052, 98, 200]
0
0
0
0
[-0.8722218627994522, -1.7043839097520614, -1.793933235989122, -1.943675961540454, 1.640063800665636, -1.2681968736726752, -1.724041620902791, 0.20311720610028017, -0.9931317135592588, 0, 34]
0
0
0
0
[-0.23682233622307503, -1.3983789794824424, -1.8318041798563636, -0.6020551114855643, -0.7160908285516263, -1.9878308835949503, -0.785931839667698, 0.8164781324301917, -0.9657891540913854, 0, 32]
0
27
4
0
[-0.49570418184536047, -0.05789566300014748, -0.49148374076413925, -0.19973349823605613, 0.5174204399128599, -1.127775687553331, -1.7641765198323625, 0.6351510290665265, -0.6445398835417406, 136, 200]
0
29
4
1
[-1.3458937966278048, -0.40149038599845976, -0.2956929638122261, -1.9926417662920695, 1.7227286099952694, 0.573926225354251, -1.3096456730303185, 0.3242132680950136, 1.3739024725417055, 155, 200]
1
1
0
0
[-0.19301011480622998, -0.6904962598690758, -0.08602786708251431, -1.7081297900742287, -1.4623064135142845, 1.816514227536545, -1.8872629075318383, 1.627284644256877, -0.4648352709874981, 4, 32]
1
10
1
1
[-1.168388099843999, -0.2382253185785319, -1.3270909591840234, -0.2256120567387212, 1.284161100466131, 0.18366746389647748, -0.7614507824218617, 0.022318643834461804, 1.461672991715938, 58, 106]
2
3
0
0
[-0.8162036081180042, -0.13093988441147397, -1.850936291433098, -0.5039908502700672, 1.1595276475372538, 1.3454501271760786, -0.7753505392365749, 1.7320342809183287, 1.682917870738239, 12, 34]
1
0
0
0
[-0.8392395766058129, -1.724176233736274, -1.4041998343822852, -0.755391492243179, -0.7874106437632342, 0.8031478353872372, -1.1396428497259965, 0.13892303009656737, -1.0448148930117886, 0, 36]
0
1
0
0
[-1.002254972115569, -1.472396523387821, -1.7777831388611545, -1.3054007052561918, 1.4198051854398046, -0.24288930568035783, -0.2562494249328271, 0.05424919380682769, 0.5486123772234799, 4, 34]
0
1
0
0
[-1.4020560320671953, -1.6962921289093624, -0.8873256370308393, -0.16808427668851844, -1.4190617929190839, 0.6285112594830964, -0.3626710849910797, 0.8888040341816155, 1.31210420645581, 4, 35]
1
2
0
0
[-1.205862567116861, -1.3990540184126872, -0.17292300355889445, -0.38075711427187686, -0.4809216787271291, -1.9361968555136415, -1.8433727054687337, 1.1358137593523625, -0.853466235139396, 8, 56]
1
9
0
0
[-1.3978907917391543, -0.8095238003734915, -0.19822685227317183, -0.7606380502740275, -1.6897503348187857, 1.9707416082636717, -1.8622767928683805, 0.8467015590849714, -1.0493944355762705, 36, 74]
2
10
1
0
[-1.2961319045159154, -1.2486236675462254, -0.6587947399680025, -0.7873763829091491, -1.113959827141593, -0.42423399543904194, -1.0037814787160997, 0.4061160657548013, 0.29158244212737827, 47, 82]
0
1
0
0
[-1.4189070814464062, -0.9779596516551119, -1.2329038511566623, -1.218033319416655, 1.2225045732474555, 1.9082333521699337, -0.7691458741976722, 1.7041453198487388, -1.5895502275471913, 4, 33]
3
10
1
1
[-1.2929297183784771, -0.13275857136833702, -0.9193272106017945, -0.3679625906694308, 1.078940073106546, -0.1610171353299914, -0.18235357904008187, 1.6488278611458418, -0.622059754228776, 58, 117]
3
9
0
0
[-1.6113801826309477, -0.9189902147980205, -0.30178815955317817, -0.863685635845509, -0.12625547675048399, -0.03171991423977527, -0.6316651618299354, 0.8581963122304144, 0.5285331449543684, 36, 93]
1
23
0
0
[-1.5705451043144751, -0.8819278550589149, -0.36023863455218996, -1.171494144249363, -1.9067505684207644, 0.7099805985429555, -1.3586204991511879, 1.9857236941302834, -1.6736964047216918, 92, 181]
2
2
0
0
[-0.4428902816085576, -1.8132867353904285, -0.6988115129917614, -0.5294854558395312, -1.263924926346633, -1.5872417525800553, -1.0475792716611803, 0.749764531024361, -0.8843109733343306, 8, 36]
3
7
0
0
[-0.5451018775450573, -1.2583394912740211, -1.8346221971879302, -1.795424367491299, -0.7598786632626751, 0.26463249668778044, -0.023134515731372485, 1.7398073779381156, 0.2248611585207545, 28, 59]
0
29
1
1
[-0.655189453520894, -0.013874232832433053, -1.43315412194476, -1.5104711036348564, 0.31656201722044086, -0.9051816528314025, -1.1365204778502116, 0.05958155670516563, 0.6550032731491768, 134, 200]
4
3
0
0
[-0.3088866497032474, -0.7511351551024197, -1.1404604809114736, -1.2202274280710286, 0.5311049216395363, 1.966592128014602, -1.2298342103966586, 1.484977250609645, -0.33556735041167096, 12, 52]
4
11
1
0
[-1.5401065950468418, -1.005901796011273, -1.2479728100344452, -1.056895982609179, 1.5492160554406356, 0.7232075056531881, -1.1205522109082588, 0.2695495568714352, 1.3215820219234815, 51, 91]
3
11
2
0
[-0.5278421600065804, -0.18742577916851944, -1.918102110037157, -1.5993262842934823, 1.0595138286862067, 0.04201664136231198, -1.5523018789738816, 0.1222134862850428, -1.2922637445031588, 58, 114]
3
4
0
0
[-1.2323999401911292, -1.2232279241822313, -0.06343124061494199, -0.8944192964333715, -1.1033722055857047, -0.8055870544476584, -0.396122707729075, 0.8733916757653237, -0.09427217024376011, 16, 62]
1
1
0
0
[-0.30192530982688415, -1.936549829363343, -1.2482447797177432, -1.8235001039980523, 1.6651582932591649, 1.1815461868768717, -0.5136344714990784, 1.7908089075903821, -1.3497310636424653, 4, 28]
1
2
0
0
[-1.4410874295509384, -0.8570467965180804, -1.089645686270852, -0.20112499767332048, -0.21384282848020453, -1.8176792134242445, -0.07724000310643331, 0.34290074424009576, -0.4550454265972297, 8, 48]
0
2
0
0
[-1.1814070334127535, -1.9238767719262633, -0.28740899129480657, -0.17268320024706285, -0.05630508746728058, 0.057628369733973006, -0.18386211092288818, 1.7099279398853215, 0.13329182246431204, 8, 38]
6
3
0
0
[-0.9500751250405319, -0.31668159341660895, -1.791852588779397, -0.560543549526066, 1.0993199443429909, 1.5810800132464307, -1.0738264799022732, 1.208375818683837, -1.8441552785254975, 12, 59]
3
3
0
0
[-1.7921205613894409, -1.3035603846915136, -0.9743627519570646, -1.4385865585337612, 0.8163772652979358, 0.3174006606793869, -0.13332994797246678, 1.8600358636236412, 1.7457179234266769, 12, 58]
3
4
0
0
[-0.9957962731727152, -0.6149381321263632, -1.1395941055859815, -0.7263678431678988, 0.9843079930508893, 1.5501806971307093, -0.26143587561731074, 0.9701595156867528, -0.5547045181567851, 16, 49]
0
8
1
0
[-1.2880859633797337, -0.13406284036183336, -1.4754525898349555, -0.6322356674567078, -1.0994128439828228, -0.2677192932411767, -1.561908048844628, 1.0811030752520756, 0.416138167927786, 39, 115]
0
0
0
0
[-0.389146615096835, -1.916920381634285, -1.4227036882209747, -0.08791210608011513, -1.845404747236977, -1.1913279237327705, -1.213623549287649, 0.1492350158008371, 0.7258195843864148, 0, 36]
2
1
0
0
[-1.390884992766502, -1.9401624715978005, -1.9738589130225301, -1.8216899114476475, -0.9833019918281471, -1.7828071661805605, -0.08969468710295359, 0.03801446362591343, -1.4943104754147591, 4, 35]
1
3
0
0
[-0.9059035855713846, -1.3477534231790984, -0.8369353989561257, -0.7828422076418073, -0.5356326933997675, -0.31139547249243726, -0.002066635987159504, 0.3851496983943752, 0.41041621111744675, 12, 44]
2
22
0
0
[-1.8137773448082242, -0.9589999724540026, -0.09605004235028525, -1.2846580533065564, -1.077074280474727, -0.2276054761392472, -0.52570527570148, 0.5483032135892074, -1.5171901224711513, 88, 200]
0
0
0
0
[-0.19125140834661303, -1.471569534799561, -0.40695438230829994, -1.2149490864622465, 1.9848810160621353, 0.6736477152343165, -1.26738706095029, 0.0718630989496174, 0.1194143076258869, 0, 23]
0
0
0
0
[-1.1573042596316974, -1.1344976482225861, -0.7763867003063656, -0.42662097643445507, 0.6929740947693226, 0.6617361633423586, -1.118706732012238, 0.5463083432283815, 0.028029567695781132, 0, 30]
7
19
3
0
[-1.9253696694842477, -1.1959887745270428, -1.5875555565835628, -1.3299088143459972, -1.3477822796357226, -0.9975011590692642, -1.6100841139927453, 0.006570793364134797, 1.5307860636042587, 97, 200]
3
1
0
0
[-1.9993203586484434, -1.6705156692827425, -0.8026607604025566, -1.6282835275840555, 0.9842517902489933, 1.706869032839594, -0.7050776399495344, 1.4291280527951908, -1.0173588129804503, 4, 46]
1
0
0
0
[-1.2153371552634125, -1.4018456219021995, -0.7288869518283425, -1.0097266488945444, 0.9093908974489935, 1.3377918870723078, -0.6173005190724692, 1.7137375081465944, -1.428186989352688, 0, 33]
0
29
2
1
[-1.088165238423641, -0.17831563661836314, -0.474172909746698, -0.06368393092034452, 0.5551048406064156, -0.7797767987652255, -1.4362113907759364, 0.01759397669454854, -0.8943558338380058, 141, 200]
2
1
0
0
[-0.9788268570767094, -1.4576382422699186, -0.25456687107973375, -1.6328646039544996, 1.175805209697462, -0.6292795258126733, -0.8856013782785987, 0.7694190414062518, 0.5232353140771351, 4, 30]
3
8
2
0
[-1.363611500784139, -0.5450477312917252, -0.7055971406455619, -0.29227855453037677, -1.129612041124394, -0.46586585358962873, -0.921010669017178, 1.651350639670414, 0.27695953811953444, 46, 118]
1
3
0
0
[-0.5105663156516225, -1.9223240310818948, -1.4175513847611378, -0.6439107026936381, -1.6783129156067957, 0.9671580379149542, -1.9406368332957193, 0.15680629378452204, -0.9406971964010009, 12, 43]
2
2
0
0
[-1.5327014788531326, -1.0041439571556965, -0.6521757374685262, -1.7178779290517847, -0.7978303811999417, -1.9977988987427775, -0.5829218109780407, 0.7031806264523359, 1.892309040462174, 8, 49]
6
24
6
1
[-1.646492189874787, -0.3514414611536627, -1.4396072599248653, -1.3272042049957817, -0.45525601234431834, -0.8735671449216329, -0.744919214761492, 1.9246215229353172, -0.9911109362007817, 149, 200]
0
26
5
1
[-1.2833123469079355, -0.09324905932195682, -0.415980482144616, -0.2786580460743091, -0.25182543916787115, -0.3611443128758105, -0.8010310937505589, 1.812210568585829, 0.950859693483447, 150, 200]
1
4
0
0
[-1.0731689744555304, -1.7302479768888466, -0.8646941658266354, -1.8248970077518207, -0.032860608470564934, 1.6768406339350217, -0.9831120666592492, 0.1253203113971868, 0.9492190757345953, 16, 68]
2
2
1
0
[-0.9534528350216835, -0.3597845517288101, -0.8818225730036864, -0.39680574805128765, 1.2894214324295454, 1.2607357031231627, -1.4313603036851552, 1.3582461738283145, -1.1105349951599766, 15, 83]
2
9
0
0
[-1.3582423650969817, -0.9626036177428765, -1.9536670830193543, -1.8812278102823012, 0.2306101971536232, 1.4943783177892511, -1.854002546150702, 0.21426334745655806, 1.1924365900866003, 36, 100]
0
1
0
0
[-1.9125735445898377, -1.5305203133709875, -1.0628004785499519, -0.7430909187431627, 1.8157634833142495, 1.7295948348177288, -1.031566558402464, 0.020427655123336663, -1.5742071628617404, 4, 35]
0
4
0
0
[-0.7201366368859958, -0.5220432681048726, -0.9442751376847984, -0.012800733753299154, 1.214090593140166, 0.6639311934647751, -1.7546388667230661, 1.1128078529591674, -0.17723198689472408, 16, 54]
1
29
3
0
[-1.8352283734984198, -0.9816929010656372, -0.6866054579206857, -0.38012310676628136, -0.9000858788637887, 1.8995108816662563, -1.9132647329771584, 1.6204496781085194, -1.5011076044530562, 137, 200]
1
28
4
1
[-1.4757830552293667, -0.2821982982396829, -0.7015081871243674, -0.4644864028973241, -1.024021920164456, -0.6697441270648836, -0.8555467293176306, 1.058717066601236, -1.4056070252047381, 151, 200]
2
10
1
0
[-1.4657736881488632, -1.1622317081290832, -0.038630071412559364, -0.19599151622929223, -1.221797450503567, 1.0195026591691283, -1.146918301053, 0.9236597939050368, -0.5538258007506287, 47, 109]
0
0
0
0
[-1.9614162574459575, -1.864575714141027, -1.3179267253940778, -0.19302612507517103, 1.663928914980973, 0.13539691601333548, -0.3056785472941541, 1.7945104963377527, 1.5202543327259215, 0, 27]
1
6
0
0
[-0.2671335599902831, -1.3835914211104314, -1.1051081743011657, -1.5322336390541331, -0.7017274659568211, -1.260857171167864, -0.2917601904034586, 1.2827501156955436, -1.6440642241937464, 24, 62]
7
14
2
0
[-1.604298193507821, -0.9221241003299907, -1.2474007350335878, -1.430604397735232, -0.24116801630437967, -1.90927283229763, -1.7714699762280983, 1.3816590759332021, -1.4911945497265053, 70, 164]
1
2
0
0
[-1.3519407953407774, -1.9355096881457474, -0.19272903153195342, -0.8184800438105007, -1.502583883810666, 1.5230766386097776, -1.2121653955261678, 0.06759422684435634, 1.176628718302959, 8, 41]
5
6
2
0
[-0.37399288861325375, -0.32740223821353376, -1.8429302438868258, -1.2135436201620464, 0.4466658432649804, -1.6939002275620596, -0.44581810714908254, 1.2545297110485678, 0.10279156781011523, 38, 98]
3
4
0
0
[-0.6525243871607396, -0.6007904989069093, -1.6233094131535244, -1.4142743347820224, 0.8546832922930192, 0.9450859469193547, -1.8592764436429767, 0.378581750172186, 0.31883314545094255, 16, 54]
2
1
0
0
[-0.34719288976577856, -1.6980198596188456, -1.8908228011224701, -0.6439243397542349, 1.8344982613690344, 0.9032359755776618, -1.9095972834672292, 1.2108524477071543, -1.7318307592480071, 4, 36]
0
18
3
0
[-1.2217182154544681, -0.7692553264411295, -1.9432911967437119, -1.6489084410694281, -0.41265700748804246, 1.2308244585808907, -0.7704727297060239, 0.17184357985618326, -0.7929002380812604, 93, 188]
0
1
0
0
[-0.7027685014577207, -1.3309359489282777, -1.050686135162755, -0.03837661137056192, -0.3755572284020934, -1.119850294293919, -1.8360063934711088, 0.21673271322607923, 0.11365903990891946, 4, 27]
0
0
0
0
[-0.31080184494446517, -1.2861440796244608, -0.7324598018187438, -1.286443802061384, -0.015774471731491158, -0.544491364940979, -0.5353664723465383, 0.6971702003080589, -1.4587034457094625, 0, 24]
4
9
0
0
[-0.6401945995915757, -1.0303636095892197, -0.47599150252386413, -0.4372739833092114, -0.4432039098181577, -1.6049605104955882, -1.6475153888241054, 0.17462855912056074, -1.7165349639345724, 36, 78]
2
3
0
0
[-0.14228619159794342, -1.613780662590745, -0.12261110689916754, -0.5105089490159047, -0.08827421685480896, -1.2454142385618479, -0.12192369318688323, 0.37456230603539376, 1.411324313763016, 12, 40]
0
2
0
0
[-0.3982094608051865, -0.710975032504445, -0.9702671966311047, -1.2345459501381721, 1.278424750350136, -0.47693328523567446, -1.778593826922572, 1.4456763837805975, -0.8399954946602173, 8, 37]
1
1
0
0
[-1.4954678019825767, -0.21400582839738602, -0.6247210205750391, -0.35035872318992056, 1.6783276563550893, 0.08749518746764373, -0.3150061418163761, 0.01611608896381722, -0.6186517185494584, 4, 36]
2
34
3
0
[-1.3674298599274146, -0.007454466521939818, -1.480188991092767, -0.22595487990357754, -1.9283144259205627, -1.755041097554383, -1.688479247766785, 0.6393415367897488, -1.5441259065834019, 157, 200]
0
22
3
0
[-0.5416760131688136, -0.13002218402821764, -1.1716120574123918, -1.675997201738084, 0.831458195031404, -1.8866655174137366, -0.7566661716217524, 1.471271151362199, 1.26000995916531, 109, 143]
0
23
3
2
[-1.1130956854108638, -0.19566455923315296, -0.09466587400976989, -0.33971841775092537, -0.49250143026905047, -1.802238735105461, -0.3278505621786212, 0.17117919771311652, 1.7259408763701511, 135, 200]
0
0
0
0
[-0.2178193582834973, -0.6683102503107745, -0.9658146443949851, -0.08960906220922871, 1.4050957107966435, 0.05675768408646187, -1.4792386655087906, 1.9077990499581199, -0.6338535549590301, 0, 21]
0
4
0
0
[-0.7387572864086198, -0.5067214662683717, -0.12359341906846422, -0.26007358828371685, -0.5665971436269839, 1.3742766633823726, -0.6608243456946783, 0.17756620501539833, -1.6625729790940769, 16, 62]
0
2
0
0
[-0.822063426199158, -1.7744531099020384, -1.3361093009152138, -1.077280430174568, -0.4549680031510439, 0.3177985491441162, -1.0584027921749395, 0.938944237458768, 0.7511047805882023, 8, 41]
2
5
0
0
[-0.5950916709347265, -0.8250081287185747, -1.8286929207377909, -0.3882108881438029, -0.8759594756004119, 1.4597166988049963, -1.0987712039601634, 1.05702239912658, -0.7438394345044665, 20, 78]
0
34
2
0
[-1.511334701182302, -0.007248241274475653, -0.3796875410200362, -0.7146866868647113, 1.3437749160379027, -0.5800837896324027, -0.5268185658059465, 0.17572185816806152, -0.8327837188640479, 150, 200]
6
3
0
0
[-0.4625181289890308, -0.8963401061492651, -1.3068028740567261, -0.06452644297751542, -1.9954374603311082, 1.5006419214901672, -0.6572399791932928, 0.9590859175536632, -1.1080026440693218, 12, 50]
0
0
0
0
[-0.1853145899338302, -1.6732100016979417, -0.17269448311981117, -0.28855887981504513, -0.4205404966615296, -1.7461027315204585, -1.3547617707605262, 1.297643861005674, -1.4281334613207144, 0, 33]
0
0
0
0
[-1.8383737855986126, -1.42197456865055, -0.954181315193694, -1.7930035752927949, 1.905304902277575, 1.623758709897547, -0.26039681322085917, 0.08823187875124194, -0.15745224931060076, 0, 28]
3
1
0
0
[-0.7425303437497273, -0.2258114423987343, -0.3428841262973332, -0.11653034755586411, 1.5055531798098785, -0.7626426992291426, -0.17880952251792848, 0.6672691435511016, 1.0256882982914273, 4, 34]
2
12
1
0
[-0.5550636014462387, -0.7674587893247573, -0.7298407606311206, -1.5810183124185484, -0.42433312440980586, 1.3086700288721085, -0.023499115398114112, 1.4578702023992571, -1.0060468715780093, 55, 87]
8
3
0
0
[-0.9073691431999802, -0.787411112315223, -1.6866977983469125, -0.20087961320224035, -1.4797439379008916, -1.9348178620010867, -0.9088683635147787, 1.4679906482271707, -1.4519604237425083, 12, 74]
0
4
0
0
[-1.2577023550738538, -1.7277242337002467, -0.8195216869857476, -1.2488521853191934, 0.04662592916533148, -1.2714030867026813, -0.15472400843485268, 1.5003640178458106, -1.3227564805570768, 16, 54]
0
1
0
0
[-0.1785763879461515, -1.2181833116027276, -0.2585121223720064, -1.42830765014307, 1.0620217436018309, -0.44905127878513706, -0.784874214540449, 1.097244904068905, -1.1973756274064016, 4, 29]
1
29
0
0
[-1.3848458667844714, -0.9419030198577403, -0.12235755221770517, -1.3138016347543153, -1.4571350972036505, -1.8371077907659736, -1.1854202154224702, 0.42435876063101485, 1.6320758168787273, 116, 200]
1
9
0
0
[-0.9125688642629461, -0.27645867620492703, -1.1999101547390456, -1.721656072632012, 1.790524098210664, 0.005086453654076006, -0.048804311562932634, 0.31482271319249144, -1.1125194365400533, 36, 89]
1
7
0
0
[-1.20011562110248, -0.7748244865269454, -0.44698768754264373, -0.13074028504506296, -1.8323825135600198, 0.027530386900329162, -0.9495010639050667, 1.680371407550576, -0.9217561483323502, 28, 92]
3
10
1
0
[-0.6540905793222094, -0.4990481852179205, -0.03956365318224342, -0.8666431084309798, 0.9441679169567112, 0.8040843767541106, -0.212124641461497, 1.5903558507725875, -0.3051474783555306, 47, 113]
1
1
0
0
[-0.6479244108674043, -1.6783012371468515, -0.8132336503306319, -0.07502917578900381, -1.0628099441328942, 0.9550842535727186, -1.3168368264985082, 1.4037511427423972, 1.5115292529448507, 4, 42]
0
1
0
0
[-0.5622601675669054, -0.42378602221101347, -1.685947505070836, -0.43544429465688195, 1.4645524864606938, -1.689443189875513, -1.7693903439082053, 1.0619553512952162, 0.5073517498392266, 4, 45]
0
13
2
2
[-0.6702984458149492, -0.7301685454133342, -0.9587662872172311, -1.5259738352470504, -0.17577773783528716, 1.9765014604916442, -1.6167788836796106, 0.9791543845148947, -0.848740462473526, 88, 175]
1
15
2
0
[-0.5087902762582215, -0.35761752222145904, -1.0381879745862017, -1.195802905238483, 1.4828984551783422, -1.4629631296639576, -1.5866836348560327, 0.2632574587396468, -0.4137034549697485, 74, 128]
0
8
1
0
[-0.23406320448301132, -0.6822304186935053, -0.9609824163992948, -1.1541206745851371, -1.9598885871950493, -0.2939364584585529, -0.9577249233581311, 0.3654528489047564, -1.661098691158212, 39, 107]
6
6
0
0
[-1.6279582530096692, -1.2999464442034152, -1.9285277943954542, -1.986531871900282, 0.8300637547473202, -1.7401472245384157, -0.7601814496419046, 0.6877345610656409, -1.7126405123442763, 24, 93]
2
2
0
0
[-1.5709387140374598, -1.8887026948661594, -0.3661743252628764, -0.23332415663954564, 0.5130761756799624, 1.0169955405977142, -1.5258661912101448, 0.9124483838810795, 0.10416010263799214, 8, 32]
0
0
0
0
[-0.5215624306874707, -1.935978221620435, -0.6605727707715636, -1.410042350882886, 1.7186200114617192, -1.827424267799488, -1.5602074695831576, 1.3039011205567013, -1.5153358648284283, 0, 21]
0
6
0
0
[-1.2352617833581518, -1.3525036571506033, -1.0214556217008122, -1.0138530497385356, 0.13599434439422353, -1.2916206351575252, -1.3278571054101507, 1.90753031127483, -1.2985472475116202, 24, 65]
0
33
2
0
[-0.9726432743255975, -0.86435063516427, -0.08212119144029284, -1.9936819781462953, -1.4943687591814192, -0.8511462442958617, -0.6714238355970177, 1.884877670824683, 0.05223705483709962, 146, 200]
2
2
0
0
[-0.03843609536369974, -0.23655956330393146, -0.30406571465329857, -0.8353170070868503, 1.0057796404093846, -0.07500506183671929, -0.7811003880809093, 1.7496716937275656, 0.2936530000565525, 8, 40]
0
2
0
0
[-0.5998440920424255, -1.6529088473593525, -1.2005485533362976, -0.9251191747907899, 0.17161117798094772, -1.8675430135443762, -0.5261455676736388, 0.3193063828432776, 0.8803045997859065, 8, 34]
1
6
0
0
[-1.3995213610020545, -1.0125631921189928, -1.826259690137277, -0.2487373507179984, -0.6387975922945519, 1.8982125943862953, -1.2999362170421371, 1.438256782981368, -0.7577107180662912, 24, 67]
0
0
0
0
[-0.10003431448804512, -1.8334912000377643, -1.8738316945819709, -0.9377727058387837, -1.9543227150258113, -1.6548128875700554, -1.1849964980107193, 0.488685320387352, -0.10292346270309904, 0, 28]
0
5
0
0
[-1.105996286973049, -0.9550363668236235, -1.5184807662501432, -1.343329669448749, -1.6214654657012924, -1.0449378026943394, -1.6606125542875871, 1.4888794219206218, 0.3921325310892434, 20, 80]
1
0
0
0
[-1.345718895549869, -1.4313215518327944, -0.3907071872596519, -1.3631971902215239, -1.939593256069709, -0.7170422346166334, -1.2917501065345818, 0.356781738416589, 1.8115757262228152, 0, 47]
2
1
0
0
[-0.8764681542908925, -0.48996102881629167, -1.1817650169996425, -0.38772814118384624, 1.8397848345280043, 1.2115996784374339, -0.03947957641458322, 0.2957649565534568, -0.16698244230282144, 4, 38]
0
2
0
0
[-0.959552364583024, -1.368969910845033, -1.7320541409031691, -1.4413563171174915, 1.0126115885154463, -1.5351699132116896, -0.7027744613630444, 1.5381333423540744, 1.0265211374076717, 8, 43]
0
29
5
0
[-1.6929846391521424, -0.5242432506890082, -0.5257933798614771, -1.7043596943429529, 1.4345847700973051, 1.4729071550998234, -1.1813193190963684, 1.666797497186341, 0.681132084731813, 151, 200]
2
2
0
0
[-1.8543752481747986, -1.739207174406114, -1.282525656681183, -1.5028266456213373, 1.9933016581436704, -1.8650895454913403, -0.2469347350568576, 0.23446971593964938, 1.1129955924870583, 8, 44]
3
1
0
0
[-0.21075396173215566, -1.0997063685949342, -0.15069935576267124, -1.1246658253985145, 0.9787627921242059, 0.34642655000450207, -0.232273124120977, 1.5040453461307741, -0.6666497243307292, 4, 30]
0
8
0
0
[-1.8751121773966255, -0.8684801552888117, -1.8307369262861213, -0.6312892104503884, -1.294056136722086, 0.13067120761609763, -1.613521667681378, 0.7104097628722179, 1.6071895879529001, 32, 97]
1
1
0
0
[-1.991007939020336, -1.9514487315768436, -1.926978280900911, -1.6017038845192766, 1.4942175517151903, -0.10174988203786661, -1.422855744038391, 1.804185615508224, -0.45166559609012813, 4, 35]
6
26
4
0
[-1.3653377319581088, -0.28860036570212144, -1.710039222412112, -1.3830643812362176, -1.1949292008799461, -0.5159711454987121, -0.6553816744214875, 1.281859680809381, 0.1351877186635413, 132, 190]
0
20
6
1
[-1.4225308571309594, -0.42400516013461, -0.11964294861604508, -1.8763240238017092, -1.1690491908707408, -1.8425543844100454, -0.07622035317153619, 1.0723754595074104, 0.23995426988523683, 133, 200]
0
6
0
0
[-1.5758430807229626, -0.8616217720129269, -1.787017040160425, -1.127835041684934, 1.868042581913163, 0.4542780120971166, -0.8224551044649067, 1.4130816409122942, -1.1192329923829538, 24, 56]
1
1
0
0
[-1.3371021226170046, -1.767490274570105, -0.1413714821849157, -1.02454898885425, 0.9425020021953046, 1.0346369924532741, -0.7179427784684846, 0.9466233318720816, -1.0774749312524214, 4, 33]
1
0
0
0
[-1.314707381037119, -1.280284294948937, -1.294462059630604, -0.881452086189161, 1.4039313740721755, 1.3868066155193168, -1.543670774073555, 1.8135823403793314, -1.9678379513753002, 0, 30]
2
6
1
0
[-1.6109959171846382, -0.5140358379798822, -1.146491788808204, -0.42749092421547497, 0.9758970420691195, 0.6233550421269709, -1.1811748200246275, 0.4952286959372121, -0.1230607356096014, 31, 73]
0
33
4
2
[-0.8959262511276493, -0.3775339966460196, -1.084537666752794, -1.3063323406477265, -1.9301044069091642, -1.262727693477053, -1.3756649784142905, 1.5809165496337816, 1.2762469120300728, 182, 200]
1
4
2
0
[-1.6471227380496754, -0.8644637673250093, -0.8995402077069632, -0.5153324333275835, -0.039452245852015455, -0.19864995796864182, -0.7885556936262734, 1.2209446404882838, -1.3413931335893898, 30, 60]
4
13
0
0
[-0.49034771315945846, -0.5502884888294206, -0.9375164242295204, -1.560376769045622, 1.4639143683606308, -1.6124756211325062, -1.870194702654654, 0.3180285855505418, 1.0646048978942924, 52, 123]
0
5
2
0
[-0.43261792204692906, -0.6097861637090605, -0.7225072214142898, -1.833804520767197, 1.4364084236853611, -0.6607095590870995, -1.0302961562273458, 1.5965870195117824, 1.2530795066371545, 34, 88]
0
5
2
0
[-1.454782619552607, -1.4030802081880214, -1.8388590330947157, -1.3821765014486858, -0.3577388721981887, 1.602252435057601, -0.051338572443634156, 0.7040902096850286, 0.36921257990262424, 34, 65]
2
4
0
0
[-0.4774964910307893, -0.9956948369436209, -0.1350610075373111, -1.313081655791099, 1.1494492838472508, 1.2482055466137596, -1.3403747475901362, 0.8361644437975011, 0.8379319075397738, 16, 46]
2
22
1
0
[-1.8291209910321964, -0.6265788072307708, -1.3957706107236054, -1.8604813342931852, -1.8050850816470763, 0.6576831766739093, -0.36183699702719596, 1.3289179177221353, -0.9303348201029698, 95, 175]
0
2
0
0
[-0.7472672276476982, -1.000489643029177, -1.1502589774666578, -0.062125760038009625, 1.4804630441696807, -1.7097809334271976, -1.5529587249504342, 0.1256296614926382, -0.058527576848462104, 8, 34]
6
10
0
0
[-1.8672843103153927, -1.0003847633165721, -1.9245941979276544, -0.1825988870108739, 0.5007629289877116, -1.218075941481363, -0.8503341863070804, 1.2417406768366301, 0.7416881949027045, 40, 80]
4
10
2
0
[-0.8431686423408649, -0.47340206626650616, -0.8920909594702742, -0.5262145289904607, -1.844910175178759, -0.9987058643598932, -0.64064258382257, 0.7920159258599575, 0.351446685708245, 54, 133]
2
5
0
0
[-1.607466478502397, -1.06783997356491, -1.228332689066283, -1.9308225224170161, 1.3534623755698947, -0.6124179203754907, -0.05298395545264567, 1.9044988843443504, -0.6422659696182071, 20, 59]
0
30
0
2
[-0.5602025833879909, -0.5541242248588407, -0.13113384919755133, -1.831734970576741, -0.027335460138279366, 1.4761781233759406, -1.2324071932572211, 0.03629212697936057, 1.9731617300870457, 142, 200]
4
13
0
0
[-0.8474688468100715, -0.6308375885275741, -0.8627795744725719, -1.9166989818782463, -0.051066461299077215, -0.9024869216058535, -0.9880414557281549, 0.8364262796018223, 0.17100645689998117, 52, 109]
0
3
0
0
[-1.0535761609759395, -1.9175173496761428, -1.2110369561794236, -1.2617469120401705, -0.758269824893778, 1.8814694800094514, -0.1268867561854019, 0.057753820878011286, -0.8844277327711629, 12, 48]
1
0
0
0
[-0.7589264246018985, -1.5006824779766665, -0.8883346170746351, -0.028855363767348985, 1.664205609460387, -1.6520480983665036, -0.26658366743849893, 0.0787855382772602, 0.8728503285900078, 0, 30]
0
0
0
0
[-1.2422397871115596, -1.067051606435112, -1.8018803169736102, -0.8880729161590819, 1.2767131200651036, 1.725410530304217, -0.47172812427255284, 1.8438481965373128, -0.9807702583985667, 0, 27]
0
4
0
0
[-0.3085224796458934, -1.1903604609895102, -0.6473223358986755, -1.552946764093688, 1.0845352672947692, -0.42305380797046954, -1.8376590754811943, 1.9654773584511118, 0.6666164467579971, 16, 62]
1
27
6
3
[-0.2512171191116521, -0.0892594255366066, -0.5467376634494427, -1.1072774103449403, 0.8163466281726337, 0.22514638435246015, -0.8395022305188482, 0.8545410744902904, -1.3599548346797747, 183, 200]
1
1
0
0
[-1.0600429712281099, -1.4486735150056882, -1.5809957618395563, -0.49760758293563145, 0.7638208571392084, -1.6299520334008628, -1.2129651466295106, 0.32135136652609386, -0.2835813305138837, 4, 45]
0
0
0
0
[-0.7190051468859171, -1.5766064063554268, -1.1259633240146556, -0.10917090296733911, 1.1558741002832957, -0.1944649518362902, -0.6983932454114032, 0.272589266083725, -0.7162986816753487, 0, 24]
1
4
0
0
[-0.09965022537648816, -1.4902636492345505, -1.3291903118979183, -1.3873772802359523, -1.1808801406727074, -0.04875586779725616, -0.018563449356772344, 0.739008729892495, -0.4409195037330722, 16, 58]
0
5
0
0
[-1.4071939491144396, -1.866971991161123, -1.2946990487919119, -0.3752530756929464, 0.006119395403005878, -0.9877996318406854, -1.810240148681027, 0.8442514955979459, -0.10482658524592692, 20, 54]
2
0
0
0
[-0.022629064488258965, -0.8811252039775685, -0.37519398113519187, -1.1319449441121823, 0.4959970556868343, 1.6058021812017782, -0.6669302329030287, 1.6745667334753016, 0.391500018796445, 0, 24]
1
3
0
0
[-1.2896380383803, -1.4199875890621005, -1.6624398995965777, -0.5801804122926644, -1.0855995125076396, -0.27039715185566626, -1.0009876151768986, 1.7672959586821753, 1.4911372343423088, 12, 52]
0
7
0
0
[-1.0644018271745934, -1.188116914391486, -0.4641921120031933, -0.7702521233550994, -1.9980577328800817, -1.3096795977466171, -0.8171725278424866, 1.1262290016313639, -0.9960153925261466, 28, 66]
5
5
0
1
[-0.014540958765683287, -0.22412463278238826, -0.5471956187881628, -0.8205548782264274, -0.5338418943896119, 1.3977421855217198, -1.0137924929516462, 1.5505195425518818, 1.6198798139339612, 31, 61]
0
0
0
0
[-0.2585177531188607, -0.6938152620883733, -1.0509686249131287, -0.460272020660611, 0.6122594063491356, 1.7865451874312734, -0.9290119831140733, 0.08748386832237998, 1.2382817105681188, 0, 22]
3
10
3
0
[-1.8705146387909628, -1.0766394839454854, -0.8619169856943083, -1.6862629956746464, 0.4181636028797895, 1.710921614621948, -1.7982138890884636, 0.9286654403243688, 0.4952919998788534, 61, 154]
3
12
0
0
[-0.8019701399035202, -1.7520165990585441, -0.27772816589996063, -1.2861022049471837, -1.5259872201797302, 1.481332484781444, -1.8321061915528412, 0.26881536982202614, 0.003758924986406509, 48, 119]
0
4
0
0
[-1.2895583790578793, -0.8040807920938444, -1.3714268849835314, -0.6004822950268742, 0.31748743952700487, 1.1753548180130013, -0.6957228737942305, 1.3857703908692343, 1.9265544919680009, 16, 59]
4
18
4
0
[-1.1265060883460376, -0.7208651679093572, -1.1429208345861868, -1.8377374322657887, 0.8619442371869646, -1.0828231749613364, -1.4643137787352793, 0.5023445882028452, 1.5849135277180104, 100, 161]
0
14
2
0
[-0.9972833700671533, -0.8383435480433983, -0.3581975822448962, -1.851544572430788, -1.4211908553710457, -0.20422155870356562, -0.8993262980761927, 0.040503305623375674, -1.1317745678220423, 70, 140]
0
13
3
0
[-1.0662129587985396, -0.19468135647425155, -1.3808668467345626, -0.8722796209714552, -0.2937962278002981, 0.08467362654554123, -1.7092285432601353, 1.1372869591029602, -0.709701232542447, 73, 139]
0
32
1
1
[-0.19971109075495685, -0.3638449464834952, -0.1955644390684752, -1.0069214081425089, -1.23425427761961, -1.2897272916059448, -1.8321100795563672, 1.8746568348643162, 1.6601225320981365, 146, 200]
0
14
1
1
[-0.7130937116140845, -0.5153496284249606, -1.5695304903211398, -0.46609722421989974, -0.926062921928327, 1.4429761664124845, -1.0133188976339567, 0.9201780466211771, 0.6882104777271936, 74, 160]
0
13
0
0
[-1.7245049169555864, -0.5129405083495546, -1.4949339752634139, -0.6177046263455699, 1.072266809523596, -0.7665367873394646, -1.340201552225997, 1.8779524863949093, 1.0079833324329055, 52, 90]
1
1
0
0
[-1.4212236021411935, -1.8833597228333099, -0.06668499064072697, -1.8717305913449132, 0.12788029666842649, -1.8620480766594683, -0.5771383567415487, 0.29717028104813514, -1.236732116783736, 4, 46]
0
0
0
0
[-0.11661401201316957, -1.736274188162024, -0.43208869928703875, -1.0697909841580147, 1.3960533374898576, -1.163577883105594, -0.11646879892475459, 0.9248011723820964, 0.22730350734005889, 0, 22]
0
24
8
0
[-0.35846786917455864, -0.3468473316429088, -0.003924736566791154, -1.440867117602364, -1.3005981494024237, -0.8116772527212142, -1.7448240986881713, 0.3127089372848255, -0.2487228418411287, 152, 200]
0
0
0
0
[-0.04733839991280564, -0.9675496342238958, -0.3283968947375826, -1.098773418221171, 1.2202383954438831, -1.0487407961908595, -0.6485043025916066, 0.443576705356, 1.6308211795041583, 0, 25]
4
18
2
0
[-1.6121262578788143, -0.7647611559120997, -0.6089834691271392, -1.1386161005645437, 0.3225523918243751, -1.5658226430615527, -0.949919671262083, 1.90448453344722, 1.6629987339468646, 86, 158]
4
1
0
0
[-0.7270816749682771, -0.8649518946645478, -0.20503407306423993, -0.22161139689274068, 1.5239214503238445, -1.7622056953027383, -0.861089244610268, 1.827090910842248, 1.9560563556307144, 4, 36]
1
3
0
0
[-0.11913144733902148, -1.1981143529698262, -1.259540848601803, -1.1292586991085243, -1.154466181642836, -1.2249124537967395, -1.0728560775786584, 0.9171857617891133, -0.4260523426261118, 12, 45]
1
22
2
0
[-1.773830085405222, -1.0800641426413127, -0.43859694411713646, -0.48861423796022785, -1.6726358896520566, -0.29282106419802023, -1.2154250032231786, 0.0852858549078479, -0.8784975693690198, 102, 200]
1
1
0
0
[-0.1692360176279979, -1.9729339238685817, -1.5926272718309162, -0.5176435262607137, -1.0248493274527553, -0.4986033738861959, -1.7970156436451439, 0.6113780878477404, 1.1642964193485565, 4, 38]
1
1
0
0
[-1.2860127218462656, -1.6148886705738807, -1.1840431723805793, -0.14125973016736482, 0.7154687060134286, 1.2714088773074415, -1.0621095589058054, 0.3862682332972387, -0.8692407384547458, 4, 31]
0
4
0
0
[-0.7924464082651665, -0.9220560691905479, -1.8288319763093865, -0.9300060560933439, -1.4089192698656618, -1.7803147495593827, -1.0173733143867576, 0.894675447534961, 1.613586385438488, 16, 43]
3
13
0
0
[-1.7605670358605046, -0.8422750743025937, -1.140563568156227, -1.3117437752697128, 1.9910387496047472, 1.5064943239123516, -1.3243873516054372, 0.051997717282643574, 0.39645910237384996, 52, 103]
1
25
5
0
[-1.6681505061761661, -0.48674863316368966, -0.7580967829553209, -1.9559311936659984, -1.6973377963600855, -1.3401459749261972, -1.8921257545738501, 0.015350490458399202, 1.7050717399910358, 135, 200]
0
3
0
0
[-0.03560004679508122, -1.1053303139526687, -0.48217632734001437, -1.4357397949830677, -0.00822601248375232, 1.1785719418473293, -0.09932998838504181, 1.719762458662749, -1.6876721200671527, 12, 36]
7
11
1
1
[-1.5957908799555478, -1.1801404604737475, -1.9232452125369854, -1.4582206483525186, 0.6677206290223925, -1.6761969878125007, -1.3366016505877274, 1.3834106495720937, 0.35429793948434574, 62, 110]
5
15
3
0
[-1.9117806353883722, -0.333679090552109, -1.8505239698865705, -0.07768016970655034, -1.5128626623099168, -0.5487175490760574, -0.07605092848301687, 1.9294609863094632, 0.1487996346574243, 81, 141]
0
0
0
0
[-0.5045463701258288, -1.1683622272081013, -0.8605849205568845, -1.8047333017590832, 1.4755994842307847, -1.1321353762864161, -0.1844235189201422, 1.3796591101355242, 1.4353289212629803, 0, 34]
0
28
5
0
[-1.3877575423431123, -0.26965425089520845, -0.4553601337419422, -1.1389186682067163, 1.094451770946462, 1.120522527284971, -0.11705532619452308, 0.8439619580959441, 0.29154808725505, 147, 200]
0
12
0
0
[-1.9512147893779608, -0.7865409539622019, -1.2531603222712717, -0.36878346639855986, -0.9171587454060037, 0.4776065355533978, -0.686515517638691, 0.9021027278429499, -0.8269831329723201, 48, 105]
0
0
0
0
[-0.5219954244767069, -1.2133332649717672, -0.3053260862952687, -0.25968551025517383, 1.946441226813406, 0.7580169068096017, -1.9066907830452504, 0.30671464069947585, -0.7116699272787188, 0, 25]
0
3
0
0
[-0.8853492631964739, -1.870424006599367, -1.3437955810489515, -1.888223221389107, 0.9649496287199755, -0.8130823256317048, -1.3981192987535411, 0.29631781786984135, -1.6650470457224706, 12, 36]
0
23
3
2
[-1.564772317688832, -0.7787325092833339, -1.1458494902942564, -1.760325216078498, -1.3183075514266407, 1.2688049590421548, -0.5159690967869814, 0.7979373852868721, 0.4484722358349207, 135, 200]
5
6
0
0
[-1.4581900435654749, -0.9689150079335969, -0.7781820739382963, -0.4120275812804577, -1.2716393235481247, 0.47897310684705996, -0.527600223435303, 1.3829461520315098, 0.35035304872425943, 24, 95]
1
4
0
0
[-0.1899643094858383, -0.783727004897079, -1.505645153064294, -1.4459129623057705, 0.6171670607953326, -0.03580932080076682, -0.7104943551217635, 1.7618398584301147, -1.0646493402394204, 16, 67]
2
0
0
0
[-0.04813864749680774, -0.46138100942482163, -0.35466390312620977, -1.4445670174432428, 0.37102098237889436, 1.6258475193928232, -0.5911522386498478, 0.4520226740513338, 1.0711582415439982, 0, 27]
0
3
0
0
[-1.0747531670262616, -1.7610364851921607, -1.4693575436581028, -0.5399922267918595, 0.7595373066288289, 1.3220966958254485, -1.6962488311496342, 1.979285269231855, -1.03050847184167, 12, 35]
0
0
0
0
[-1.4908515082119957, -1.9309421767307866, -0.3139572443574128, -0.15165408768760313, 1.551690105747468, 1.8340385469180807, -1.8819043568778637, 0.8672427487578427, 1.4286786315153788, 0, 27]
0
28
4
0
[-0.45272437884003836, -0.26702696054092745, -0.7773350470106557, -1.0007863641878938, -1.2786396265914628, -1.6899205221016786, -0.5372839709333594, 0.5534513893819568, 1.5952252388475783, 140, 200]
0
30
0
0
[-0.9467996615787535, -0.6548312124316567, -0.7231680225665105, -1.6090339824715794, -0.35017099610060143, -1.7033778552968228, -0.6821827335467523, 0.9274927711895014, -0.9726742355242366, 120, 200]
0
3
0
0
[-0.40007489621046854, -1.673015005034483, -0.19151113249049523, -1.7852200913506013, 0.46843664205152, -0.0302581710237515, -1.703565543206415, 1.7878357481991527, 1.6791773080410417, 12, 39]
2
11
1
0
[-1.724666461045245, -0.5246553770056006, -0.42997581621704617, -0.7302105876817699, 1.4498363022403793, -1.542207956649401, -1.4690356123550592, 0.16422482219636958, -0.41494969459474573, 51, 102]
2
1
0
0
[-1.446295017908222, -1.6985547673338723, -1.9180748270645291, -0.2533212794798285, 1.1107283470200402, -1.446877675102634, -1.3479176156849555, 1.8176766246129783, 0.4751407371008547, 4, 43]
7
17
1
0
[-0.7614473555933032, -0.5732703852550163, -0.09106797259400001, -0.3507657008060472, 0.12127384390775564, -0.8179705565112303, -1.464384592556714, 1.0771332949712784, -1.6309057003418026, 75, 143]
1
10
1
0
[-1.9122616788439282, -0.14450144068836646, -1.386160630002942, -0.031039068171631268, -1.5306549186661793, 0.7919159607826884, -0.11272738368037105, 1.1553297330494887, -0.7816033254716692, 47, 89]
0
29
2
1
[-1.6567779187106135, -0.6490995906177894, -0.6138904633899582, -0.7542150861336256, -1.1398696589807167, 1.332083860958576, -0.18015137558776595, 1.3406175237005347, -0.3143790914025666, 141, 200]
0
0
0
0
[-0.691736101366343, -1.840187597446788, -0.30907982745563056, -0.32469709589237206, -1.2950837747261388, 1.129039225196136, -0.7014830716680394, 0.9534472552049744, 1.6270047322288894, 0, 33]
0
0
0
0
[-0.2431687935634399, -0.08671604503001062, -0.8516400530906223, -0.796211540198664, -1.8224367036365585, 1.9404938231627833, -1.9864167315327952, 0.1849132360776924, -1.7241546142135324, 0, 28]
0
7
1
0
[-1.6731888552982364, -1.8413943139503286, -0.13000990749987862, -0.5445082326469941, -1.5044938781563366, -0.3033007502635243, -1.5091728983754793, 1.0260205266412437, -0.5937530404931892, 35, 78]
0
0
0
0
[-0.4650871652690465, -0.5246368112750417, -1.411253294479746, -0.7010972625339233, 1.1485765055990864, 0.5750093803684582, -0.14964345288526237, 1.365619509909158, 1.7975784887451813, 0, 28]
0
1
0
0
[-0.3189714540456381, -0.2125502198976701, -0.8990738262796518, -0.047782594556140534, 1.2509411157046841, -0.9768989048822125, -1.1088985859612017, 0.006893172343306775, 1.0281682400610515, 4, 29]
0
1
0
0
[-1.666099008277937, -1.5913621952492019, -0.765761350117111, -0.34494395852898796, 0.5167318018491569, -0.10324546150405389, -0.9243278716144416, 0.7878466913310436, 0.3254283337218191, 4, 39]
3
3
0
0
[-0.3084887236554188, -1.3907228542479204, -1.186385576524328, -0.8158422763526785, -1.25773331346398, -0.5154046594331634, -1.8607624002082914, 0.02439366879070337, -0.9457440754688675, 12, 59]
0
28
1
1
[-1.1777036070989844, -0.3607369360706094, -1.0788066799903753, -0.2872234417975952, -0.3570207255200457, -1.2826894575852248, -0.3433298879809925, 1.6782807238249293, -1.7610041693986647, 130, 200]
6
8
1
0
[-1.845449551797002, -0.4851309627960061, -0.5673642610750027, -0.0005520362045183802, 1.8260778168500513, -1.1735234016117135, -1.8134052077214058, 0.2431603412540888, -0.5102188953736189, 39, 109]
0
4
0
0
[-0.19315068808330205, -0.5868371478626664, -0.989959242505065, -0.9791226123989225, 1.9780586519133885, -0.47925025883979444, -1.493650328312854, 1.7988703663753138, -0.43952619433608575, 16, 39]
8
3
1
0
[-0.7020031394228037, -0.5541885157737629, -1.5649389582215418, -0.8444837756546231, -0.5075521506276992, 1.6209701950083892, -0.691078196461224, 0.5462037639607802, -0.6606548817276905, 19, 83]
0
26
3
0
[-1.63273733776148, -0.7145069781544013, -0.7409835096341804, -1.7592023122300555, 0.6941530605280342, -1.0990491635007271, -0.9446395570840436, 0.004319508332311761, 0.8159433141490995, 125, 200]
5
0
0
0
[-0.6790247364473407, -1.2271094344350169, -0.44045547184482925, -0.6621864798508736, 1.4810711221693675, -1.7539359295692116, -1.6087679664345333, 1.9973155269004632, 1.8505478883447557, 0, 40]
1
4
2
0
[-1.296173464550738, -0.8303207609448533, -0.3643800183858612, -0.7001740733948785, -0.6248212264957691, -0.5397413556330384, -1.0565756734261371, 1.6471244103296159, -0.6459684172556317, 30, 81]
1
0
0
0
[-1.6550575577663096, -1.803135090514133, -1.1978088581304984, -1.1902506983384502, 0.7362146941172183, 1.8148246039153677, -1.104785474695416, 0.12402273707274958, 1.7926935044455483, 0, 26]
0
30
2
0
[-1.4474392943610275, -0.47214066771387775, -0.26886537083171924, -1.4398261743751348, 1.1761978899858745, -0.25983656082229034, -1.5748392550813735, 0.8913024506266332, 1.657509822631655, 134, 200]
4
3
0
0
[-1.3896125159546995, -0.6420201172220188, -1.3378982656562843, -1.5070383788455932, 1.7301047222268817, 1.4721731784392347, -1.7567963505988355, 1.6292911121436007, -0.1429621752111485, 12, 67]
3
0
0
0
[-0.06819185980225018, -1.7233369590315788, -0.6403173323830218, -0.8576137581516752, -0.21614514904995064, 1.9862598674043248, -0.02426077402364002, 1.130120087636091, -1.313589675143282, 0, 23]
4
23
3
1
[-1.4979250538197872, -0.2978137409475503, -1.122481589192054, -0.9572526428925894, 0.07888223126977056, 1.2914288141272747, -1.240248373078414, 1.8407560029908268, -0.7138691218372162, 124, 176]
2
10
1
0
[-1.0637545193694544, -1.2154886321006302, -0.14314180723806547, -0.37631847303582733, -1.9226693943226358, 0.7585560394246365, -1.3001959550066446, 0.7706340344985507, 1.496745168950735, 47, 89]
0
0
0
0
[-0.2823693336269937, -1.52825393781932, -1.855235456456939, -0.7153758807768165, 0.5626644410813832, 0.9086737411381174, -0.6286767897064047, 1.0680694929185186, 1.218432901869622, 0, 28]


Generation:  1
0
34
7
2
[-0.12668945167422074, -0.3889711081979137, -0.9966591980193507, -1.5579714456220566, 0.2784920145090264, 1.4884354867659475, -1.268087659063218, 1.3605467439099392, -1.9569816703754834, 423, 381]
2
56
9
3
[-0.2512171191116521, -0.0892594255366066, -0.5467376634494427, -1.1072774103449403, 0.8163466281726337, 0.22514638435246015, -0.8395022305188482, 0.8545410744902904, -1.3599548346797747, 503, 561]
0
63
7
0
[-0.8959262511276493, -0.3775339966460196, -1.084537666752794, -1.3063323406477265, -1.9301044069091642, -1.262727693477053, -1.3756649784142905, 1.5809165496337816, 1.2762469120300728, 483, 646]
0
87
12
2
[-0.19940185170057712, -0.41880044472514255, -0.7220292124116741, -1.9042148806438697, -0.28555793366936033, 0.18369177383423718, -1.3988146355404583, 0.6734370737899102, -0.3071031087119076, 617, 800]
0
12
6
1
[-1.3674298599274146, -0.007454466521939818, -1.480188991092767, -0.22595487990357754, -1.9283144259205627, -1.755041097554383, -1.688479247766785, 0.6393415367897488, -1.5441259065834019, 258, 345]
0
99
10
1
[-1.3458937966278048, -0.40149038599845976, -0.2956929638122261, -1.9926417662920695, 1.7227286099952694, 0.573926225354251, -1.3096456730303185, 0.3242132680950136, 1.3739024725417055, 632, 800]
0
92
9
3
[-0.35846786917455864, -0.3468473316429088, -0.003924736566791154, -1.440867117602364, -1.3005981494024237, -0.8116772527212142, -1.7448240986881713, 0.3127089372848255, -0.2487228418411287, 616, 800]
2
37
3
0
[-1.6929846391521424, -0.5242432506890082, -0.5257933798614771, -1.7043596943429529, 1.4345847700973051, 1.4729071550998234, -1.1813193190963684, 1.666797497186341, 0.681132084731813, 320, 526]
6
75
6
4
[-1.4757830552293667, -0.2821982982396829, -0.7015081871243674, -0.4644864028973241, -1.024021920164456, -0.6697441270648836, -0.8555467293176306, 1.058717066601236, -1.4056070252047381, 537, 701]
1
42
5
0
[-1.4707066196770768, -0.5251464887698432, -0.4674165489251121, -0.9536954971553515, -0.5139757444013551, -0.1611859355162535, -0.34893470952510985, 0.44351640737740716, 1.0667895403287742, 354, 493]
1
16
1
0
[-1.511334701182302, -0.007248241274475653, -0.3796875410200362, -0.7146866868647113, 1.3437749160379027, -0.5800837896324027, -0.5268185658059465, 0.17572185816806152, -0.8327837188640479, 221, 330]
0
34
3
0
[-1.2833123469079355, -0.09324905932195682, -0.415980482144616, -0.2786580460743091, -0.25182543916787115, -0.3611443128758105, -0.8010310937505589, 1.812210568585829, 0.950859693483447, 307, 445]
6
34
12
1
[-1.646492189874787, -0.3514414611536627, -1.4396072599248653, -1.3272042049957817, -0.45525601234431834, -0.8735671449216329, -0.744919214761492, 1.9246215229353172, -0.9911109362007817, 380, 529]
0
54
4
1
[-1.3877575423431123, -0.26965425089520845, -0.4553601337419422, -1.1389186682067163, 1.094451770946462, 1.120522527284971, -0.11705532619452308, 0.8439619580959441, 0.29154808725505, 402, 562]
3
21
1
1
[-0.19971109075495685, -0.3638449464834952, -0.1955644390684752, -1.0069214081425089, -1.23425427761961, -1.2897272916059448, -1.8321100795563672, 1.8746568348643162, 1.6601225320981365, 248, 355]
4
81
15
3
[-0.9726432743255975, -0.86435063516427, -0.08212119144029284, -1.9936819781462953, -1.4943687591814192, -0.8511462442958617, -0.6714238355970177, 1.884877670824683, 0.05223705483709962, 608, 800]
1
30
4
1
[-0.4371685671619825, -0.19311108214186246, -0.11662517270376305, -0.08841748691819373, -1.9675508166823787, 0.667961383518993, -0.6044600874537474, 0.5587961377451296, -1.8805576782512055, 303, 419]
0
82
16
2
[-0.5602025833879909, -0.5541242248588407, -0.13113384919755133, -1.831734970576741, -0.027335460138279366, 1.4761781233759406, -1.2324071932572211, 0.03629212697936057, 1.9731617300870457, 604, 800]
2
61
8
0
[-1.6567779187106135, -0.6490995906177894, -0.6138904633899582, -0.7542150861336256, -1.1398696589807167, 1.332083860958576, -0.18015137558776595, 1.3406175237005347, -0.3143790914025666, 441, 685]
5
36
8
1
[-1.088165238423641, -0.17831563661836314, -0.474172909746698, -0.06368393092034452, 0.5551048406064156, -0.7797767987652255, -1.4362113907759364, 0.01759397669454854, -0.8943558338380058, 352, 501]
5
13
1
1
[-0.45272437884003836, -0.26702696054092745, -0.7773350470106557, -1.0007863641878938, -1.2786396265914628, -1.6899205221016786, -0.5372839709333594, 0.5534513893819568, 1.5952252388475783, 210, 357]
0
69
9
2
[-1.0123239062873914, -0.07869135452715592, -1.0059990313110427, -1.2909606975268264, -0.3399747747333164, 1.72273034672018, -0.6380138916795464, 1.602945631732702, 0.25469247537261497, 500, 714]
3
19
2
1
[-1.8352283734984198, -0.9816929010656372, -0.6866054579206857, -0.38012310676628136, -0.9000858788637887, 1.8995108816662563, -1.9132647329771584, 1.6204496781085194, -1.5011076044530562, 238, 401]
0
19
4
1
[-0.49570418184536047, -0.05789566300014748, -0.49148374076413925, -0.19973349823605613, 0.5174204399128599, -1.127775687553331, -1.7641765198323625, 0.6351510290665265, -0.6445398835417406, 251, 369]
2
27
6
0
[-1.564772317688832, -0.7787325092833339, -1.1458494902942564, -1.760325216078498, -1.3183075514266407, 1.2688049590421548, -0.5159690967869814, 0.7979373852868721, 0.4484722358349207, 285, 475]
8
19
0
0
[-1.6681505061761661, -0.48674863316368966, -0.7580967829553209, -1.9559311936659984, -1.6973377963600855, -1.3401459749261972, -1.8921257545738501, 0.015350490458399202, 1.7050717399910358, 211, 361]
0
97
8
2
[-1.1130956854108638, -0.19566455923315296, -0.09466587400976989, -0.33971841775092537, -0.49250143026905047, -1.802238735105461, -0.3278505621786212, 0.17117919771311652, 1.7259408763701511, 601, 800]
0
7
3
0
[-1.4474392943610275, -0.47214066771387775, -0.26886537083171924, -1.4398261743751348, 1.1761978899858745, -0.25983656082229034, -1.5748392550813735, 0.8913024506266332, 1.657509822631655, 183, 299]
0
33
4
3
[-0.655189453520894, -0.013874232832433053, -1.43315412194476, -1.5104711036348564, 0.31656201722044086, -0.9051816528314025, -1.1365204778502116, 0.05958155670516563, 0.6550032731491768, 327, 459]
4
94
9
3
[-1.4225308571309594, -0.42400516013461, -0.11964294861604508, -1.8763240238017092, -1.1690491908707408, -1.8425543844100454, -0.07622035317153619, 1.0723754595074104, 0.23995426988523683, 605, 800]
6
61
9
3
[-1.3653377319581088, -0.28860036570212144, -1.710039222412112, -1.3830643812362176, -1.1949292008799461, -0.5159711454987121, -0.6553816744214875, 1.281859680809381, 0.1351877186635413, 472, 649]
1
26
0
0
[-1.1777036070989844, -0.3607369360706094, -1.0788066799903753, -0.2872234417975952, -0.3570207255200457, -1.2826894575852248, -0.3433298879809925, 1.6782807238249293, -1.7610041693986647, 234, 382]
6
6
0
0
[-1.9597886741595092, -1.3945153035523223, -0.19706789540035197, -1.4121064439189317, -0.0459137098991631, 0.5514286965077178, -0.656773317492938, 1.0069571411609912, -0.6092697961557039, 150, 293]
3
9
2
0
[-1.63273733776148, -0.7145069781544013, -0.7409835096341804, -1.7592023122300555, 0.6941530605280342, -1.0990491635007271, -0.9446395570840436, 0.004319508332311761, 0.8159433141490995, 175, 336]
1
14
1
0
[-1.4979250538197872, -0.2978137409475503, -1.122481589192054, -0.9572526428925894, 0.07888223126977056, 1.2914288141272747, -1.240248373078414, 1.8407560029908268, -0.7138691218372162, 187, 294]
1
6
1
0
[-0.9467996615787535, -0.6548312124316567, -0.7231680225665105, -1.6090339824715794, -0.35017099610060143, -1.7033778552968228, -0.6821827335467523, 0.9274927711895014, -0.9726742355242366, 151, 304]
2
12
1
0
[-1.3848458667844714, -0.9419030198577403, -0.12235755221770517, -1.3138016347543153, -1.4571350972036505, -1.8371077907659736, -1.1854202154224702, 0.42435876063101485, 1.6320758168787273, 171, 307]
1
42
5
0
[-1.314934543760742, -0.6862783080836756, -1.4404532320935377, -1.4013723282501487, -0.417725063504379, 1.4821361966563629, -1.4022359514395129, 0.7078267984512789, 1.724053294368761, 315, 529]
0
17
1
0
[-0.5416760131688136, -0.13002218402821764, -1.1716120574123918, -1.675997201738084, 0.831458195031404, -1.8866655174137366, -0.7566661716217524, 1.471271151362199, 1.26000995916531, 184, 276]
10
5
0
2
[-1.9047479841604662, -0.45677576344501136, -1.7607481503945814, -0.7715324861240478, 0.2981739177859386, -1.101663675573576, -1.1730693134768302, 1.3633713484277803, -0.6984980407291803, 147, 300]
0
7
3
0
[-1.2981070850531862, -0.374653539759203, -1.5307870100687107, -0.9497972266397952, 0.189671837489513, -1.7104345428722358, -1.35005802506487, 0.6587305066121887, 0.7286765938718496, 152, 278]
0
15
3
0
[-1.773830085405222, -1.0800641426413127, -0.43859694411713646, -0.48861423796022785, -1.6726358896520566, -0.29282106419802023, -1.2154250032231786, 0.0852858549078479, -0.8784975693690198, 183, 370]
0
4
0
0
[-1.1265060883460376, -0.7208651679093572, -1.1429208345861868, -1.8377374322657887, 0.8619442371869646, -1.0828231749613364, -1.4643137787352793, 0.5023445882028452, 1.5849135277180104, 116, 225]
1
21
2
1
[-1.0878043782024727, -0.46917633045925644, -0.8819674450346668, -1.6594727479100468, 0.6883606252885568, 0.43684133570440453, -0.34790518938890047, 1.0047769372172572, 1.7552069002587052, 207, 333]
20
38
3
0
[-1.9253696694842477, -1.1959887745270428, -1.5875555565835628, -1.3299088143459972, -1.3477822796357226, -0.9975011590692642, -1.6100841139927453, 0.006570793364134797, 1.5307860636042587, 270, 543]
5
36
11
0
[-1.8291209910321964, -0.6265788072307708, -1.3957706107236054, -1.8604813342931852, -1.8050850816470763, 0.6576831766739093, -0.36183699702719596, 1.3289179177221353, -0.9303348201029698, 316, 456]
1
17
1
1
[-1.2217182154544681, -0.7692553264411295, -1.9432911967437119, -1.6489084410694281, -0.41265700748804246, 1.2308244585808907, -0.7704727297060239, 0.17184357985618326, -0.7929002380812604, 179, 330]
1
17
4
0
[-1.5705451043144751, -0.8819278550589149, -0.36023863455218996, -1.171494144249363, -1.9067505684207644, 0.7099805985429555, -1.3586204991511879, 1.9857236941302834, -1.6736964047216918, 188, 340]
2
26
3
0
[-1.4544625047787876, -0.7063398039941275, -0.17603277862947708, -0.15177715153207205, -1.5350325080910574, 0.4656555248581413, -0.7257555544642591, 1.1215058669378994, -1.2493462738704642, 214, 428]
0
24
4
0
[-0.6702984458149492, -0.7301685454133342, -0.9587662872172311, -1.5259738352470504, -0.17577773783528716, 1.9765014604916442, -1.6167788836796106, 0.9791543845148947, -0.848740462473526, 212, 393]
1
14
2
0
[-1.8137773448082242, -0.9589999724540026, -0.09605004235028525, -1.2846580533065564, -1.077074280474727, -0.2276054761392472, -0.52570527570148, 0.5483032135892074, -1.5171901224711513, 158, 349]
1
17
2
0
[-1.6121262578788143, -0.7647611559120997, -0.6089834691271392, -1.1386161005645437, 0.3225523918243751, -1.5658226430615527, -0.949919671262083, 1.90448453344722, 1.6629987339468646, 168, 295]
10
21
0
0
[-1.9117806353883722, -0.333679090552109, -1.8505239698865705, -0.07768016970655034, -1.5128626623099168, -0.5487175490760574, -0.07605092848301687, 1.9294609863094632, 0.1487996346574243, 165, 324]
0
15
3
0
[-1.7700740376412782, -0.7639701952503026, -0.20012968244255602, -1.8263230905116126, 1.442606185651138, -1.2174883035938002, -1.3869464507621474, 0.5427752878728231, 0.19199371694526635, 159, 310]
2
20
1
0
[-0.7614473555933032, -0.5732703852550163, -0.09106797259400001, -0.3507657008060472, 0.12127384390775564, -0.8179705565112303, -1.464384592556714, 1.0771332949712784, -1.6309057003418026, 162, 295]
2
7
0
0
[-0.7130937116140845, -0.5153496284249606, -1.5695304903211398, -0.46609722421989974, -0.926062921928327, 1.4429761664124845, -1.0133188976339567, 0.9201780466211771, 0.6882104777271936, 102, 249]
1
12
1
0
[-0.5087902762582215, -0.35761752222145904, -1.0381879745862017, -1.195802905238483, 1.4828984551783422, -1.4629631296639576, -1.5866836348560327, 0.2632574587396468, -0.4137034549697485, 129, 231]
0
56
5
0
[-1.0662129587985396, -0.19468135647425155, -1.3808668467345626, -0.8722796209714552, -0.2937962278002981, 0.08467362654554123, -1.7092285432601353, 1.1372869591029602, -0.709701232542447, 332, 496]
2
43
6
0
[-0.9972833700671533, -0.8383435480433983, -0.3581975822448962, -1.851544572430788, -1.4211908553710457, -0.20422155870356562, -0.8993262980761927, 0.040503305623375674, -1.1317745678220423, 284, 485]
10
17
1
0
[-1.604298193507821, -0.9221241003299907, -1.2474007350335878, -1.430604397735232, -0.24116801630437967, -1.90927283229763, -1.7714699762280983, 1.3816590759332021, -1.4911945497265053, 145, 355]
9
6
2
0
[-1.5957908799555478, -1.1801404604737475, -1.9232452125369854, -1.4582206483525186, 0.6677206290223925, -1.6761969878125007, -1.3366016505877274, 1.3834106495720937, 0.35429793948434574, 100, 210]
1
21
4
0
[-1.8705146387909628, -1.0766394839454854, -0.8619169856943083, -1.6862629956746464, 0.4181636028797895, 1.710921614621948, -1.7982138890884636, 0.9286654403243688, 0.4952919998788534, 173, 373]
0
8
1
0
[-0.5278421600065804, -0.18742577916851944, -1.918102110037157, -1.5993262842934823, 1.0595138286862067, 0.04201664136231198, -1.5523018789738816, 0.1222134862850428, -1.2922637445031588, 97, 202]
3
13
2
0
[-1.2929297183784771, -0.13275857136833702, -0.9193272106017945, -0.3679625906694308, 1.078940073106546, -0.1610171353299914, -0.18235357904008187, 1.6488278611458418, -0.622059754228776, 124, 226]
1
5
0
0
[-1.168388099843999, -0.2382253185785319, -1.3270909591840234, -0.2256120567387212, 1.284161100466131, 0.18366746389647748, -0.7614507824218617, 0.022318643834461804, 1.461672991715938, 78, 175]
3
7
1
0
[-0.5550636014462387, -0.7674587893247573, -0.7298407606311206, -1.5810183124185484, -0.42433312440980586, 1.3086700288721085, -0.023499115398114112, 1.4578702023992571, -1.0060468715780093, 90, 198]
1
15
1
0
[-0.8431686423408649, -0.47340206626650616, -0.8920909594702742, -0.5262145289904607, -1.844910175178759, -0.9987058643598932, -0.64064258382257, 0.7920159258599575, 0.351446685708245, 121, 270]
1
12
0
0
[-1.7605670358605046, -0.8422750743025937, -1.140563568156227, -1.3117437752697128, 1.9910387496047472, 1.5064943239123516, -1.3243873516054372, 0.051997717282643574, 0.39645910237384996, 100, 218]
0
19
1
0
[-1.7245049169555864, -0.5129405083495546, -1.4949339752634139, -0.6177046263455699, 1.072266809523596, -0.7665367873394646, -1.340201552225997, 1.8779524863949093, 1.0079833324329055, 135, 235]
1
20
2
1
[-0.8474688468100715, -0.6308375885275741, -0.8627795744725719, -1.9166989818782463, -0.051066461299077215, -0.9024869216058535, -0.9880414557281549, 0.8364262796018223, 0.17100645689998117, 157, 275]
0
1
0
0
[-0.49034771315945846, -0.5502884888294206, -0.9375164242295204, -1.560376769045622, 1.4639143683606308, -1.6124756211325062, -1.870194702654654, 0.3180285855505418, 1.0646048978942924, 56, 171]
2
20
1
0
[-1.724666461045245, -0.5246553770056006, -0.42997581621704617, -0.7302105876817699, 1.4498363022403793, -1.542207956649401, -1.4690356123550592, 0.16422482219636958, -0.41494969459474573, 138, 255]
1
1
0
0
[-1.5401065950468418, -1.005901796011273, -1.2479728100344452, -1.056895982609179, 1.5492160554406356, 0.7232075056531881, -1.1205522109082588, 0.2695495568714352, 1.3215820219234815, 55, 126]
0
6
0
0
[-1.9512147893779608, -0.7865409539622019, -1.2531603222712717, -0.36878346639855986, -0.9171587454060037, 0.4776065355533978, -0.686515517638691, 0.9021027278429499, -0.8269831329723201, 72, 170]
0
6
0
0
[-0.8019701399035202, -1.7520165990585441, -0.27772816589996063, -1.2861022049471837, -1.5259872201797302, 1.481332484781444, -1.8321061915528412, 0.26881536982202614, 0.003758924986406509, 72, 186]
4
6
0
0
[-1.0637545193694544, -1.2154886321006302, -0.14314180723806547, -0.37631847303582733, -1.9226693943226358, 0.7585560394246365, -1.3001959550066446, 0.7706340344985507, 1.496745168950735, 71, 176]
2
21
3
0
[-1.9122616788439282, -0.14450144068836646, -1.386160630002942, -0.031039068171631268, -1.5306549186661793, 0.7919159607826884, -0.11272738368037105, 1.1553297330494887, -0.7816033254716692, 152, 266]
1
2
0
0
[-0.6540905793222094, -0.4990481852179205, -0.03956365318224342, -0.8666431084309798, 0.9441679169567112, 0.8040843767541106, -0.212124641461497, 1.5903558507725875, -0.3051474783555306, 55, 153]
0
6
0
0
[-1.4657736881488632, -1.1622317081290832, -0.038630071412559364, -0.19599151622929223, -1.221797450503567, 1.0195026591691283, -1.146918301053, 0.9236597939050368, -0.5538258007506287, 71, 174]
4
16
0
0
[-1.2961319045159154, -1.2486236675462254, -0.6587947399680025, -0.7873763829091491, -1.113959827141593, -0.42423399543904194, -1.0037814787160997, 0.4061160657548013, 0.29158244212737827, 111, 227]
0
49
6
0
[-1.363611500784139, -0.5450477312917252, -0.7055971406455619, -0.29227855453037677, -1.129612041124394, -0.46586585358962873, -0.921010669017178, 1.651350639670414, 0.27695953811953444, 284, 465]
3
7
0
1
[-1.1777853094963004, -0.8543254772336839, -1.7297701180574934, -0.7228430467512004, -0.5225118824204653, 1.092600608720303, -1.092815577680923, 0.05363677176132309, -1.1092367896180466, 80, 175]
5
2
0
0
[-1.8672843103153927, -1.0003847633165721, -1.9245941979276544, -0.1825988870108739, 0.5007629289877116, -1.218075941481363, -0.8503341863070804, 1.2417406768366301, 0.7416881949027045, 48, 136]
4
15
4
0
[-0.8540831761027041, -0.6215074275077301, -1.7006671492844663, -1.3351169721605538, -0.7386678286951343, -0.09161827962243319, -1.2662217285411113, 1.1340440765584348, -1.8235060431488908, 128, 252]
1
2
0
0
[-1.845449551797002, -0.4851309627960061, -0.5673642610750027, -0.0005520362045183802, 1.8260778168500513, -1.1735234016117135, -1.8134052077214058, 0.2431603412540888, -0.5102188953736189, 47, 154]
0
38
5
0
[-0.23406320448301132, -0.6822304186935053, -0.9609824163992948, -1.1541206745851371, -1.9598885871950493, -0.2939364584585529, -0.9577249233581311, 0.3654528489047564, -1.661098691158212, 226, 393]
3
62
6
0
[-1.2880859633797337, -0.13406284036183336, -1.4754525898349555, -0.6322356674567078, -1.0994128439828228, -0.2677192932411767, -1.561908048844628, 1.0811030752520756, 0.416138167927786, 329, 566]
3
8
0
1
[-0.37399288861325375, -0.32740223821353376, -1.8429302438868258, -1.2135436201620464, 0.4466658432649804, -1.6939002275620596, -0.44581810714908254, 1.2545297110485678, 0.10279156781011523, 81, 193]
1
5
1
0
[-0.9125688642629461, -0.27645867620492703, -1.1999101547390456, -1.721656072632012, 1.790524098210664, 0.005086453654076006, -0.048804311562932634, 0.31482271319249144, -1.1125194365400533, 63, 170]
3
1
0
0
[-0.6401945995915757, -1.0303636095892197, -0.47599150252386413, -0.4372739833092114, -0.4432039098181577, -1.6049605104955882, -1.6475153888241054, 0.17462855912056074, -1.7165349639345724, 40, 140]
2
22
0
0
[-1.3582423650969817, -0.9626036177428765, -1.9536670830193543, -1.8812278102823012, 0.2306101971536232, 1.4943783177892511, -1.854002546150702, 0.21426334745655806, 1.1924365900866003, 124, 266]
1
18
4
0
[-1.6113801826309477, -0.9189902147980205, -0.30178815955317817, -0.863685635845509, -0.12625547675048399, -0.03171991423977527, -0.6316651618299354, 0.8581963122304144, 0.5285331449543684, 136, 271]
1
60
8
2
[-1.3978907917391543, -0.8095238003734915, -0.19822685227317183, -0.7606380502740275, -1.6897503348187857, 1.9707416082636717, -1.8622767928683805, 0.8467015590849714, -1.0493944355762705, 354, 590]
0
7
0
0
[-1.4196470736817843, -1.77101902775726, -0.7970018460332127, -1.8582758674285749, 0.8456699953503066, -1.4130460466554529, -1.5017557220278501, 1.9641262773842012, 0.20812789489965766, 64, 167]
5
4
0
0
[-1.6731888552982364, -1.8413943139503286, -0.13000990749987862, -0.5445082326469941, -1.5044938781563366, -0.3033007502635243, -1.5091728983754793, 1.0260205266412437, -0.5937530404931892, 51, 138]
0
4
0
0
[-1.454782619552607, -1.4030802081880214, -1.8388590330947157, -1.3821765014486858, -0.3577388721981887, 1.602252435057601, -0.051338572443634156, 0.7040902096850286, 0.36921257990262424, 50, 130]
1
5
0
0
[-0.43261792204692906, -0.6097861637090605, -0.7225072214142898, -1.833804520767197, 1.4364084236853611, -0.6607095590870995, -1.0302961562273458, 1.5965870195117824, 1.2530795066371545, 54, 173]
4
13
2
0
[-1.8751121773966255, -0.8684801552888117, -1.8307369262861213, -0.6312892104503884, -1.294056136722086, 0.13067120761609763, -1.613521667681378, 0.7104097628722179, 1.6071895879529001, 98, 236]
2
3
0
1
[-0.014540958765683287, -0.22412463278238826, -0.5471956187881628, -0.8205548782264274, -0.5338418943896119, 1.3977421855217198, -1.0137924929516462, 1.5505195425518818, 1.6198798139339612, 54, 107]
0
10
1
0
[-1.6109959171846382, -0.5140358379798822, -1.146491788808204, -0.42749092421547497, 0.9758970420691195, 0.6233550421269709, -1.1811748200246275, 0.4952286959372121, -0.1230607356096014, 78, 152]
0
68
14
2
[-1.7558832803734987, -0.8095238003734915, -0.1986717861925873, -0.7606380502740275, -1.6897503348187857, 1.9707416082636717, -1.8622767928683805, 0.8467015590849714, -1.0493944355762705, 428, 674]
0
2
0
0
[-0.6938051277590633, -0.8422750743025937, -0.1445617523261995, -1.3117437752697128, 1.9910387496047472, 1.5064943239123516, -1.080799367821966, 0.051997717282643574, -0.06592907878242249, 60, 143]
1
0
0
0
[-0.7130937116140845, -0.7966921406590644, -1.9768214022752015, -0.46609722421989974, 1.4480859726926796, 1.4429761664124845, -1.0133188976339567, 0.9201780466211771, 0.6882104777271936, 74, 193]
3
52
5
2
[-0.5416760131688136, -0.32013755475271455, -1.1716120574123918, -1.675997201738084, -0.926062921928327, -1.8866655174137366, -0.7566661716217524, 1.0663241348055723, 1.26000995916531, 339, 526]
2
22
4
2
[-1.9047479841604662, -0.0355264996183946, -1.7607481503945814, -1.9166989818782463, 0.9614659212580765, -1.101663675573576, -0.7211407960510601, 0.8364262796018223, 0.17100645689998117, 190, 289]
0
8
3
0
[-1.332704002248517, -0.6097861637090605, -1.6605095671664083, -0.984849240289831, 1.4364084236853611, 1.4884354867659475, -1.0302961562273458, 1.5965870195117824, 1.2530795066371545, 87, 210]
2
1
0
0
[-0.9155864806175473, -1.9989954174665294, -0.8526309926912619, -1.3117437752697128, -1.8289290197383368, 1.5064943239123516, -0.36183699702719596, 0.051997717282643574, -0.9303348201029698, 56, 143]
2
6
0
0
[-1.3978907917391543, -1.7520165990585441, -0.19822685227317183, -1.7776246976793382, -1.6897503348187857, 1.481332484781444, -0.7191358890880792, 0.8467015590849714, -1.5207260479716513, 60, 175]
1
21
1
1
[-0.9642469056066385, -1.4653290191942432, -0.4510951724836252, -1.9559311936659984, -0.4359776286039332, 1.068478698058902, -1.6100841139927453, 0.015350490458399202, 1.5307860636042587, 199, 354]
---------------------------------------------------------------------------
KeyboardInterrupt                         Traceback (most recent call last)
<ipython-input-1-8164b8b27690> in <cell line: 592>()
    594     print("Generation: ", gen)
    595     for gene in population:
--> 596         eval_gene(gene)
    597         print(gene)
    598     population = create_new_population(population)

4 frames
<ipython-input-1-8164b8b27690> in check_collision(board, piece, px, py)
     79     # px is num of col in board
     80     # py is num of row in board
---> 81     full_pos = get_full_pos(piece)
     82     if len(full_pos) == 0:
     83         return True

KeyboardInterrupt: 